local H = {};
local G = game:GetService("Players");
local Z = game:GetService("ReplicatedStorage");
local Y = game:GetService("CollectionService");
local O = G.LocalPlayer;
local D = (Z:WaitForChild("Remotes")):WaitForChild("CommF_");
local x = Z;
local function t()
	local H = game.PlaceId;
	if H == 2753915549 or H == 85211729168715 then
		return 1;
	elseif H == 4442272183 or H == 79091703265657 then
		return 2;
	elseif H == 7449423635 or H == 100117331123089 then
		return 3;
	end;
	return 0;
end;
H.GameData = { World = t(), PlaceId = game.PlaceId };
H.Signals = {};
do
	local G = {};
	G.__index = G;
	local Z = {};
	Z.__index = Z;
	function Z.Disconnect(H)
		if not H.Connected then
			return;
		end;
		local G = table.find(H._signal._conns, H);
		if G then
			table.remove(H._signal._conns, G);
		end;
		H.fn = nil;
		H.Connected = false;
	end;
	function G.Connect(H, G)
		local Y = setmetatable({ fn = G, Connected = true, _signal = H }, Z);
		table.insert(H._conns, Y);
		return Y;
	end;
	function G.Fire(H, ...)
		for H, G in ipairs(H._conns) do
			if G.Connected and G.fn then
				task.spawn(G.fn, ...);
			end;
		end;
	end;
	function G.Once(H, G)
		local Z;
		Z = H:Connect(function(...)
				Z:Disconnect();
				G(...);
			end);
		return Z;
	end;
	local function Y()
		return setmetatable({ _conns = {} }, G);
	end;
	H.Signals.OnDied = Y();
	H.Signals.OnRespawned = Y();
	H.Signals.OnQuestDone = Y();
	H.Signals.Notify = Y();
end;
H.Bosses = {};
do
	local G = H.GameData.World;
	local Z = {
			["The Gorilla King"] = {
				IsBoss = true,
				Level = 20,
				Position = CFrame.new(-1128, 6, -451),
				Quest = { "JungleQuest", CFrame.new(-1598, 37, 153) },
			},
			Bobby = {
				IsBoss = true,
				Level = 55,
				Position = CFrame.new(-1131, 14, 4080),
				Quest = { "BuggyQuest1", CFrame.new(-1140, 4, 3829) },
			},
			Yeti = {
				IsBoss = true,
				Level = 105,
				Position = CFrame.new(1185, 106, -1518),
				Quest = { "SnowQuest", CFrame.new(1385, 87, -1298) },
			},
			["Vice Admiral"] = {
				IsBoss = true,
				Level = 130,
				Position = CFrame.new(-4807, 21, 4360),
				Quest = { "MarineQuest2", CFrame.new(-5035, 29, 4326), 2 },
			},
			Warden = {
				IsBoss = true,
				Level = 220,
				Position = CFrame.new(5230, 4, 749),
				Quest = { "ImpelQuest", CFrame.new(5191, 4, 692), 1 },
			},
			["Chief Warden"] = {
				IsBoss = true,
				Level = 230,
				Position = CFrame.new(5230, 4, 749),
				Quest = { "ImpelQuest", CFrame.new(5191, 4, 692), 2 },
			},
			Swan = {
				IsBoss = true,
				Level = 240,
				Position = CFrame.new(5230, 4, 749),
				Quest = { "ImpelQuest", CFrame.new(5191, 4, 692) },
			},
			["Magma Admiral"] = {
				IsBoss = true,
				Level = 350,
				Position = CFrame.new(-5694, 18, 8735),
				Quest = { "MagmaQuest", CFrame.new(-5319, 12, 8515) },
			},
			["Fishman Lord"] = {
				IsBoss = true,
				Level = 425,
				Position = CFrame.new(61350, 31, 1095),
				Quest = { "FishmanQuest", CFrame.new(61122, 18, 1567) },
			},
			Wysper = {
				IsBoss = true,
				Level = 500,
				Position = CFrame.new(-7927, 5551, -637),
				Quest = { "SkyExp1Quest", CFrame.new(-7861, 5545, -381) },
			},
			["Thunder God"] = {
				IsBoss = true,
				Level = 575,
				Position = CFrame.new(-7751, 5607, -2315),
				Quest = { "SkyExp2Quest", CFrame.new(-7903, 5636, -1412) },
			},
			Cyborg = {
				IsBoss = true,
				Level = 675,
				Position = CFrame.new(6138, 10, 3939),
				Quest = { "FountainQuest", CFrame.new(5258, 39, 4052) },
			},
			["The Saw"] = { RaidBoss = true, Position = CFrame.new(-690, 15, 1583) },
			Greybeard = { RaidBoss = true, Position = CFrame.new(-5043, 25, 4262) },
			["Saber Expert"] = { NoQuest = true, Position = CFrame.new(-1461, 30, -51) },
		};
	local Y = {
			Diamond = {
				IsBoss = true,
				Level = 750,
				Position = CFrame.new(-1569, 199, -31),
				Quest = { "Area1Quest", CFrame.new(-427, 73, 1835) },
			},
			Jeremy = {
				IsBoss = true,
				Level = 850,
				Position = CFrame.new(2316, 449, 787),
				Quest = { "Area2Quest", CFrame.new(635, 73, 919) },
			},
			Orbitus = {
				IsBoss = true,
				Level = 925,
				Position = CFrame.new(-2086, 73, -4208),
				Quest = { "MarineQuest3", CFrame.new(-2441, 73, -3219) },
			},
			["Smoke Admiral"] = {
				IsBoss = true,
				Level = 1150,
				Position = CFrame.new(-5078, 24, -5352),
				Quest = { "IceSideQuest", CFrame.new(-6229, 82, -4853) },
			},
			["Awakened Ice Admiral"] = {
				IsBoss = true,
				Level = 1400,
				Position = CFrame.new(6473, 297, -6944),
				Quest = { "FrostQuest", CFrame.new(5668, 28, -6484) },
			},
			["Tide Keeper"] = {
				IsBoss = true,
				Level = 1475,
				Position = CFrame.new(-3711, 77, -11469),
				Quest = { "ForgottenQuest", CFrame.new(-3056, 240, -10145) },
			},
			["Don Swan"] = { RaidBoss = true, Position = CFrame.new(2289, 15, 808) },
			["Cursed Captain"] = { RaidBoss = true, Position = CFrame.new(912, 186, 33591) },
			Darkbeard = { RaidBoss = true, Position = CFrame.new(3695, 13, -3599) },
		};
	local O = {
			Stone = {
				IsBoss = true,
				Level = 1550,
				Position = CFrame.new(-1049, 40, 6791),
				Quest = { "PiratePortQuest", CFrame.new(-449, 109, 5950) },
			},
			["Hydra Leader"] = {
				IsBoss = true,
				Level = 1675,
				Position = CFrame.new(5836, 1019, -83),
				Quest = { "VenomCrewQuest", CFrame.new(5214, 1004, 761) },
			},
			["Kilo Admiral"] = {
				IsBoss = true,
				Level = 1750,
				Position = CFrame.new(2904, 509, -7349),
				Quest = { "MarineTreeIsland", CFrame.new(2485, 74, -6788) },
			},
			["Captain Elephant"] = {
				IsBoss = true,
				Level = 1875,
				Position = CFrame.new(-13393, 319, -8423),
				Quest = { "DeepForestIsland", CFrame.new(-13233, 332, -7626) },
			},
			["Beautiful Pirate"] = {
				IsBoss = true,
				Level = 1950,
				Position = CFrame.new(5370, 22, -89),
				Quest = { "DeepForestIsland2", CFrame.new(-12682, 391, -9901) },
			},
			["Cake Queen"] = {
				IsBoss = true,
				Level = 2175,
				Position = CFrame.new(-710, 382, -11150),
				Quest = { "IceCreamIslandQuest", CFrame.new(-818, 66, -10964) },
			},
			["rip_indra True Form"] = { RaidBoss = true, Position = CFrame.new(-5333, 424, -2673) },
			["Dough King"] = { RaidBoss = true, Position = CFrame.new(-2103, 70, -12165) },
			["Cake Prince"] = { RaidBoss = true, Position = CFrame.new(-2103, 70, -12165) },
			Longma = { NoQuest = true, Position = CFrame.new(-10218, 333, -9444) },
		};
	local D = G == 1 and Z or G == 2 and Y or O;
	for G, Z in pairs(D) do
		H.Bosses[G] = Z;
	end;
	H.BossList = {};
	for G, Z in pairs(H.Bosses) do
		if Z.IsBoss then
			table.insert(H.BossList, G);
		end;
	end;
	table.sort(H.BossList, function(G, Z)
		return (H.Bosses[G].Level or 0) < (H.Bosses[Z].Level or 0);
	end);
end;
H.Inventory = {};
do
	local G = H.Inventory;
	G.Items = {};
	G.Unlocked = setmetatable({}, { __index = function()
				return false;
			end });
	G.Mastery = setmetatable({}, { __index = function()
				return 0;
			end });
	G.Count = setmetatable({}, { __index = function()
				return 0;
			end });
	function G.Update(H, G)
		if type(G) ~= "table" then
			return;
		end;
		if G.Type == "Wear" then
			G.Type = "Accessory";
		end;
		local Z = G.Name;
		H.Items[Z] = G;
		H.Unlocked[Z] = true;
		if G.Count then
			H.Count[Z] = G.Count;
		end;
		if G.Mastery then
			H.Mastery[Z] = G.Mastery;
		end;
	end;
	function G.Remove(H, G)
		if type(G) ~= "string" then
			return;
		end;
		H.Items[G] = nil;
		H.Unlocked[G] = nil;
		H.Mastery[G] = nil;
		H.Count[G] = nil;
	end;
	function G.GetMastery(H, G)
		local Z = O.Backpack:FindFirstChild(G) or O.Character and O.Character:FindFirstChild(G);
		return Z and Z:GetAttribute("Level") or H.Mastery[G] or 0;
	end;
	function G.HasItem(H, G)
		return H.Unlocked[G] or O.Backpack:FindFirstChild(G) ~= nil or O.Character and O.Character:FindFirstChild(G) ~= nil;
	end;
	task.spawn(function()
		local Y, O = pcall(function()
				return D:InvokeServer("getInventory");
			end);
		if Y and type(O) == "table" then
			for H, Z in ipairs(O) do
				G:Update(Z);
			end;
		end;
		local x = Z.Remotes:WaitForChild("CommE");
		x.OnClientEvent:Connect(function(Z, ...)
			if Z == "ItemChanged" or Z == "ItemAdded" then
				G:Update(...);
			elseif Z == "ItemRemoved" then
				G:Remove(...);
			elseif Z == "Notify" then
				H.Signals.Notify:Fire(...);
			end;
		end);
	end);
end;
H.Chests = setmetatable({}, { __call = function(H, G)
			local Z = H._cached;
			if Z and not Z:GetAttribute("IsDisabled") then
				if not G or Z:IsDescendantOf(G) then
					return Z;
				end;
			end;
			if H._debounce and tick() - H._debounce < .5 then
				return nil;
			end;
			local D = ((O.Character or O.CharacterAdded:Wait()):GetPivot()).Position;
			local x = Y:GetTagged("_ChestTagged");
			local t, W = math.huge;
			for H = 1, #x, 1 do
				local Z = x[H];
				local Y = ((Z:GetPivot()).Position - D).Magnitude;
				if not Z:GetAttribute("IsDisabled") and ((not G or Z:IsDescendantOf(G)) and Y < t) then
					t, W = Y, Z;
				end;
			end;
			H._debounce = tick();
			H._cached = W;
			return W;
		end });
H.Berry = setmetatable({}, { __call = function(H, G)
			local Z = H._cached;
			if Z and Z.Parent then
				for H in pairs(Z:GetAttributes()) do
					return Z;
				end;
			end;
			if H._debounce and tick() - H._debounce < .5 then
				return nil;
			end;
			local D = ((O.Character or O.CharacterAdded:Wait()):GetPivot()).Position;
			local x = Y:GetTagged("BerryBush");
			local t, W = math.huge;
			for H = 1, #x, 1 do
				local Z = x[H];
				for H, Y in pairs(Z:GetAttributes()) do
					if not G or table.find(G, Y) then
						local H = ((Z.Parent:GetPivot()).Position - D).Magnitude;
						if H < t then
							t, W = H, Z;
						end;
					end;
				end;
			end;
			H._debounce = tick();
			H._cached = W;
			return W;
		end });
H.RunFunctions = {};
do
	local G = H.RunFunctions;
	function G.GetQueue(H, G)
		for H, Z in ipairs(H) do
			G.RunningOption = Z.Name;
			local Y = Z.Function();
			if Y then
				if type(Y) == "string" then
					G.RunningMethod = Y;
				end;
				return Y;
			end;
		end;
		G.RunningOption = nil;
		G.RunningMethod = nil;
	end;
	function G.StartFarmQueue(H, Z, Y)
		spawn(function()
			while task.wait(Z.SmoothMode and .25 or 0) do
				pcall(function()
					if (Y()).teleporting then
						(Y()).OnFarm = true;
					else
						(Y()).OnFarm = G.GetQueue(H, Z) and true or false;
					end;
				end);
			end;
		end);
	end;
end;
function H.FireRemote(...)
	return D:InvokeServer(...);
end;
Number = math.random(1, 1000000);
function isnil(H)
	return H == nil;
end;
function round(H)
	return math.floor(H + .5);
end;
CheckF = function()
		if GetBP("Dragon-Dragon") or GetBP("Gas-Gas") or GetBP("Yeti-Yeti") or GetBP("Kitsune-Kitsune") or GetBP("T-Rex-T-Rex") then
			return true;
		end;
	end;
GetBP = function(H)
		return O.Backpack:FindFirstChild(H) or O.Character:FindFirstChild(H);
	end;
GetM = function(H)
		local G = x.Remotes.CommF_:InvokeServer("getInventory");
		for G, Z in pairs(G) do
			if type(Z) == "table" and (Z.Type == "Material" and Z.Name == H) then
				return Z.Count;
			end;
		end;
		return 0;
	end;
local function W(H)
	if not H then
		return;
	end;
	local G = O.Backpack:FindFirstChild(H);
	if G and (O.Character and O.Character:FindFirstChild("Humanoid")) then
		O.Character.Humanoid:EquipTool(G);
	end;
end;
local function q(H)
	for G, Z in pairs(O.Backpack:GetChildren()) do
		if Z:IsA("Tool") and Z.ToolTip == H then
			W(Z.Name);
			break;
		end;
	end;
end;
DropFruits = function()
		for H, G in next, O.Backpack:GetChildren() do
			if string.find(G.Name, "Fruit") then
				W(G.Name);
				wait(.1);
				if O.PlayerGui.Main.Dialogue.Visible == true then
					O.PlayerGui.Main.Dialogue.Visible = false;
				end;
				W(G.Name);
				(O.Character:FindFirstChild(G.Name)).EatRemote:InvokeServer("Drop");
			end;
		end;
		for H, G in pairs(O.Character:GetChildren()) do
			if string.find(G.Name, "Fruit") then
				W(G.Name);
				wait(.1);
				if O.PlayerGui.Main.Dialogue.Visible == true then
					O.PlayerGui.Main.Dialogue.Visible = false;
				end;
				W(G.Name);
				(O.Character:FindFirstChild(G.Name)).EatRemote:InvokeServer("Drop");
			end;
		end;
	end;
local a = game:GetService("ReplicatedStorage");
local R = a;
function UpdStFruit()
	for H, G in next, O.Backpack:GetChildren() do
		local Z = G:FindFirstChild("EatRemote", true);
		if Z then
			local H = G:GetAttribute("OriginalName") or G.Name;
			R.Remotes.CommF_:InvokeServer("StoreFruit", H, G);
		end;
	end;
end;
GetConnectionEnemies = function(H)
		for G, Z in pairs(a:GetChildren()) do
			if Z:IsA("Model") and ((typeof(H) == "table" and table.find(H, Z.Name) or Z.Name == H) and (Z:FindFirstChild("Humanoid") and Z.Humanoid.Health > 0)) then
				return Z;
			end;
		end;
		local G = game.Workspace:FindFirstChild("Enemies");
		if G then
			for G, Z in pairs(G:GetChildren()) do
				if Z:IsA("Model") and ((typeof(H) == "table" and table.find(H, Z.Name) or Z.Name == H) and (Z:FindFirstChild("Humanoid") and Z.Humanoid.Health > 0)) then
					return Z;
				end;
			end;
		end;
	end;
local function b(H)
	local G = workspace:FindFirstChild("NPCs");
	if G then
		local Z = G:FindFirstChild(H);
		if Z then
			return Z;
		end;
	end;
	local Z = game.ReplicatedStorage:FindFirstChild("NPCs");
	if Z then
		local G = Z:FindFirstChild(H);
		if G then
			return G;
		end;
	end;
	return nil;
end;
function CaculateDistance(H)
	local G = O and O.Character;
	local Z = G and G:FindFirstChild("HumanoidRootPart");
	if not Z or not H then
		return math.huge;
	end;
	return (Z.Position - H).Magnitude;
end;
function BuyMeleeTween(H, G, Z)
	_G.BuyingMelee = true;
	if not G then
		_G.BuyingMelee = false;
		return;
	end;
	local Y;
	if G:FindFirstChild("HumanoidRootPart") then
		Y = G.HumanoidRootPart.Position;
	elseif G:FindFirstChild("Head") then
		Y = G.Head.Position;
	elseif G:IsA("Model") then
		Y = (G:GetPivot()).Position;
	elseif G:IsA("BasePart") then
		Y = G.Position;
	end;
	if not Y then
		_G.BuyingMelee = false;
		return;
	end;
	pcall(function()
		topos(CFrame.new(Y + Vector3.new(0, 3, 3)));
	end);
	local O = os.clock();
	repeat
		task.wait(.2);
	until CaculateDistance(Y) <= 10 or os.clock() - O > 12;
	task.wait(.6);
	if Z then
		pcall(function()
			D:InvokeServer("BlackbeardReward", "DragonClaw", "2");
		end);
	else
		pcall(function()
			D:InvokeServer("Buy" .. H);
		end);
	end;
	task.wait(.5);
	_G.BuyingMelee = false;
end;
function CheckQuest()
	MyLevel = (game:GetService("Players")).LocalPlayer.Data.Level.Value;
	if World1 then
		if MyLevel >= 1 and MyLevel <= 9 then
			Mon = "Bandit";
			LevelQuest = 1;
			NameQuest = "BanditQuest1";
			NameMon = "Bandit";
			CFrameQuest = CFrame.new(1059.37195, 15.4495068, 1550.4231, .939700544, 0, -0.341998369, 0, 1, 0, .341998369, 0, .939700544);
			CFrameMon = CFrame.new(1045.9626464844, 27.002508163452, 1560.8203125);
		elseif MyLevel >= 10 and MyLevel <= 14 then
			Mon = "Monkey";
			LevelQuest = 1;
			NameQuest = "JungleQuest";
			NameMon = "Monkey";
			CFrameQuest = CFrame.new(-1598.08911, 35.5501175, 153.377838, 0, 0, 1, 0, 1, 0, -1, 0, 0);
			CFrameMon = CFrame.new(-1448.5180664062, 67.853012084961, 11.465796470642);
		elseif MyLevel >= 15 and MyLevel <= 29 then
			Mon = "Gorilla";
			LevelQuest = 2;
			NameQuest = "JungleQuest";
			NameMon = "Gorilla";
			CFrameQuest = CFrame.new(-1598.08911, 35.5501175, 153.377838, 0, 0, 1, 0, 1, 0, -1, 0, 0);
			CFrameMon = CFrame.new(-1129.8836669922, 40.46354675293, -525.42370605469);
		elseif MyLevel >= 30 and MyLevel <= 39 then
			Mon = "Pirate";
			LevelQuest = 1;
			NameQuest = "BuggyQuest1";
			NameMon = "Pirate";
			CFrameQuest = CFrame.new(-1141.07483, 4.10001802, 3831.5498, .965929627, 0, -0.258804798, 0, 1, 0, .258804798, 0, .965929627);
			CFrameMon = CFrame.new(-1103.5134277344, 13.752052307129, 3896.0910644531);
		elseif MyLevel >= 40 and MyLevel <= 59 then
			Mon = "Brute";
			LevelQuest = 2;
			NameQuest = "BuggyQuest1";
			NameMon = "Brute";
			CFrameQuest = CFrame.new(-1141.07483, 4.10001802, 3831.5498, .965929627, 0, -0.258804798, 0, 1, 0, .258804798, 0, .965929627);
			CFrameMon = CFrame.new(-1140.0837402344, 14.809885025024, 4322.9213867188);
		elseif MyLevel >= 60 and MyLevel <= 74 then
			Mon = "Desert Bandit";
			LevelQuest = 1;
			NameQuest = "DesertQuest";
			NameMon = "Desert Bandit";
			CFrameQuest = CFrame.new(894.488647, 5.14000702, 4392.43359, .819155693, 0, -0.573571265, 0, 1, 0, .573571265, 0, .819155693);
			CFrameMon = CFrame.new(924.7998046875, 6.4486746788025, 4481.5859375);
		elseif MyLevel >= 75 and MyLevel <= 89 then
			Mon = "Desert Officer";
			LevelQuest = 2;
			NameQuest = "DesertQuest";
			NameMon = "Desert Officer";
			CFrameQuest = CFrame.new(894.488647, 5.14000702, 4392.43359, .819155693, 0, -0.573571265, 0, 1, 0, .573571265, 0, .819155693);
			CFrameMon = CFrame.new(1608.2822265625, 8.6142244338989, 4371.0073242188);
		elseif MyLevel >= 90 and MyLevel <= 99 then
			Mon = "Snow Bandit";
			LevelQuest = 1;
			NameQuest = "SnowQuest";
			NameMon = "Snow Bandit";
			CFrameQuest = CFrame.new(1389.74451, 88.1519318, -1298.90796, -0.342042685, 0, .939684391, 0, 1, 0, -0.939684391, 0, -0.342042685);
			CFrameMon = CFrame.new(1354.3479003906, 87.272773742676, -1393.9465332031);
		elseif MyLevel >= 100 and MyLevel <= 119 then
			Mon = "Snowman";
			LevelQuest = 2;
			NameQuest = "SnowQuest";
			NameMon = "Snowman";
			CFrameQuest = CFrame.new(1389.74451, 88.1519318, -1298.90796, -0.342042685, 0, .939684391, 0, 1, 0, -0.939684391, 0, -0.342042685);
			CFrameMon = CFrame.new(1201.6412353516, 144.57958984375, -1550.0670166016);
		elseif MyLevel >= 120 and MyLevel <= 149 then
			Mon = "Chief Petty Officer";
			LevelQuest = 1;
			NameQuest = "MarineQuest2";
			NameMon = "Chief Petty Officer";
			CFrameQuest = CFrame.new(-5039.58643, 27.3500385, 4324.68018, 0, 0, -1, 0, 1, 0, 1, 0, 0);
			CFrameMon = CFrame.new(-4881.2309570312, 22.652044296265, 4273.7524414062);
		elseif MyLevel >= 150 and MyLevel <= 174 then
			Mon = "Sky Bandit";
			LevelQuest = 1;
			NameQuest = "SkyQuest";
			NameMon = "Sky Bandit";
			CFrameQuest = CFrame.new(-4839.53027, 716.368591, -2619.44165, .866007268, 0, .500031412, 0, 1, 0, -0.500031412, 0, .866007268);
			CFrameMon = CFrame.new(-4953.20703125, 295.74420166016, -2899.2290039062);
		elseif MyLevel >= 175 and MyLevel <= 189 then
			Mon = "Dark Master";
			LevelQuest = 2;
			NameQuest = "SkyQuest";
			NameMon = "Dark Master";
			CFrameQuest = CFrame.new(-4839.53027, 716.368591, -2619.44165, .866007268, 0, .500031412, 0, 1, 0, -0.500031412, 0, .866007268);
			CFrameMon = CFrame.new(-5259.8447265625, 391.39767456055, -2229.0354003906);
		elseif MyLevel >= 190 and MyLevel <= 209 then
			Mon = "Prisoner";
			LevelQuest = 1;
			NameQuest = "PrisonerQuest";
			NameMon = "Prisoner";
			CFrameQuest = CFrame.new(5308.93115, 1.65517521, 475.120514, -0.0894274712, -5.00292918e-009, -0.995993316, 1.60817859e-009, 1, -5.16744869e-009, .995993316, -2.06384709e-009, -0.0894274712);
			CFrameMon = CFrame.new(5098.9736328125, -0.3204058110714, 474.23733520508);
		elseif MyLevel >= 210 and MyLevel <= 249 then
			Mon = "Dangerous Prisoner";
			LevelQuest = 2;
			NameQuest = "PrisonerQuest";
			NameMon = "Dangerous Prisoner";
			CFrameQuest = CFrame.new(5308.93115, 1.65517521, 475.120514, -0.0894274712, -5.00292918e-009, -0.995993316, 1.60817859e-009, 1, -5.16744869e-009, .995993316, -2.06384709e-009, -0.0894274712);
			CFrameMon = CFrame.new(5654.5634765625, 15.633401870728, 866.29919433594);
		elseif MyLevel >= 250 and MyLevel <= 274 then
			Mon = "Toga Warrior";
			LevelQuest = 1;
			NameQuest = "ColosseumQuest";
			NameMon = "Toga Warrior";
			CFrameQuest = CFrame.new(-1580.04663, 6.35000277, -2986.47534, -0.515037298, 0, -0.857167721, 0, 1, 0, .857167721, 0, -0.515037298);
			CFrameMon = CFrame.new(-1820.21484375, 51.683856964111, -2740.6650390625);
		elseif MyLevel >= 275 and MyLevel <= 299 then
			Mon = "Gladiator";
			LevelQuest = 2;
			NameQuest = "ColosseumQuest";
			NameMon = "Gladiator";
			CFrameQuest = CFrame.new(-1580.04663, 6.35000277, -2986.47534, -0.515037298, 0, -0.857167721, 0, 1, 0, .857167721, 0, -0.515037298);
			CFrameMon = CFrame.new(-1292.8381347656, 56.380882263184, -3339.0314941406);
		elseif MyLevel >= 300 and MyLevel <= 324 then
			Mon = "Military Soldier";
			LevelQuest = 1;
			NameQuest = "MagmaQuest";
			NameMon = "Military Soldier";
			CFrameQuest = CFrame.new(-5313.37012, 10.9500084, 8515.29395, -0.499959469, 0, .866048813, 0, 1, 0, -0.866048813, 0, -0.499959469);
			CFrameMon = CFrame.new(-5411.1645507812, 11.081554412842, 8454.29296875);
		elseif MyLevel >= 325 and MyLevel <= 374 then
			Mon = "Military Spy";
			LevelQuest = 2;
			NameQuest = "MagmaQuest";
			NameMon = "Military Spy";
			CFrameQuest = CFrame.new(-5313.37012, 10.9500084, 8515.29395, -0.499959469, 0, .866048813, 0, 1, 0, -0.866048813, 0, -0.499959469);
			CFrameMon = CFrame.new(-5802.8681640625, 86.262413024902, 8828.859375);
		elseif MyLevel >= 375 and MyLevel <= 399 then
			Mon = "Fishman Warrior";
			LevelQuest = 1;
			NameQuest = "FishmanQuest";
			NameMon = "Fishman Warrior";
			CFrameQuest = CFrame.new(61122.65234375, 18.497442245483, 1569.3997802734);
			CFrameMon = CFrame.new(60878.30078125, 18.482830047607, 1543.7574462891);
			if (getgenv()).AutoFarm and (CFrameQuest.Position - game.Players.LocalPlayer.Character.HumanoidRootPart.Position).Magnitude > 10000 then
				(game:GetService("ReplicatedStorage")).Remotes.CommF_:InvokeServer("requestEntrance", Vector3.new(61163.8515625, 11.6796875, 1819.7841796875));
			end;
		elseif MyLevel >= 400 and MyLevel <= 449 then
			Mon = "Fishman Commando";
			LevelQuest = 2;
			NameQuest = "FishmanQuest";
			NameMon = "Fishman Commando";
			CFrameQuest = CFrame.new(61122.65234375, 18.497442245483, 1569.3997802734);
			CFrameMon = CFrame.new(61922.6328125, 18.482830047607, 1493.9343261719);
			if (getgenv()).AutoFarm and (CFrameQuest.Position - game.Players.LocalPlayer.Character.HumanoidRootPart.Position).Magnitude > 10000 then
				(game:GetService("ReplicatedStorage")).Remotes.CommF_:InvokeServer("requestEntrance", Vector3.new(61163.8515625, 11.6796875, 1819.7841796875));
			end;
		elseif MyLevel >= 450 and MyLevel <= 474 then
			Mon = "God\'s Guard";
			LevelQuest = 1;
			NameQuest = "SkyExp1Quest";
			NameMon = "God\'s Guard";
			CFrameQuest = CFrame.new(-4721.88867, 843.874695, -1949.96643, .996191859, 0, -0.0871884301, 0, 1, 0, .0871884301, 0, .996191859);
			CFrameMon = CFrame.new(-4710.04296875, 845.27697753906, -1927.3079833984);
			if (getgenv()).AutoFarm and (CFrameQuest.Position - game.Players.LocalPlayer.Character.HumanoidRootPart.Position).Magnitude > 10000 then
				(game:GetService("ReplicatedStorage")).Remotes.CommF_:InvokeServer("requestEntrance", Vector3.new(-4607.82275, 872.54248, -1667.55688));
			end;
		elseif MyLevel >= 475 and MyLevel <= 524 then
			Mon = "Shanda";
			LevelQuest = 2;
			NameQuest = "SkyExp1Quest";
			NameMon = "Shanda";
			CFrameQuest = CFrame.new(-7859.09814, 5544.19043, -381.476196, -0.422592998, 0, .906319618, 0, 1, 0, -0.906319618, 0, -0.422592998);
			CFrameMon = CFrame.new(-7678.4897460938, 5566.4038085938, -497.21560668945);
			if (getgenv()).AutoFarm and (CFrameQuest.Position - game.Players.LocalPlayer.Character.HumanoidRootPart.Position).Magnitude > 10000 then
				(game:GetService("ReplicatedStorage")).Remotes.CommF_:InvokeServer("requestEntrance", Vector3.new(-7894.6176757813, 5547.1416015625, -380.29119873047));
			end;
		elseif MyLevel >= 525 and MyLevel <= 549 then
			Mon = "Royal Squad";
			LevelQuest = 1;
			NameQuest = "SkyExp2Quest";
			NameMon = "Royal Squad";
			CFrameQuest = CFrame.new(-7906.81592, 5634.6626, -1411.99194, 0, 0, -1, 0, 1, 0, 1, 0, 0);
			CFrameMon = CFrame.new(-7624.2524414062, 5658.1333007812, -1467.3542480469);
		elseif MyLevel >= 550 and MyLevel <= 624 then
			Mon = "Royal Soldier";
			LevelQuest = 2;
			NameQuest = "SkyExp2Quest";
			NameMon = "Royal Soldier";
			CFrameQuest = CFrame.new(-7906.81592, 5634.6626, -1411.99194, 0, 0, -1, 0, 1, 0, 1, 0, 0);
			CFrameMon = CFrame.new(-7836.7534179688, 5645.6640625, -1790.6236572266);
		elseif MyLevel >= 625 and MyLevel <= 649 then
			Mon = "Galley Pirate";
			LevelQuest = 1;
			NameQuest = "FountainQuest";
			NameMon = "Galley Pirate";
			CFrameQuest = CFrame.new(5259.81982, 37.3500175, 4050.0293, .087131381, 0, .996196866, 0, 1, 0, -0.996196866, 0, .087131381);
			CFrameMon = CFrame.new(5551.0219726562, 78.901351928711, 3930.4128417969);
		elseif MyLevel >= 650 then
			Mon = "Galley Captain";
			LevelQuest = 2;
			NameQuest = "FountainQuest";
			NameMon = "Galley Captain";
			CFrameQuest = CFrame.new(5259.81982, 37.3500175, 4050.0293, .087131381, 0, .996196866, 0, 1, 0, -0.996196866, 0, .087131381);
			CFrameMon = CFrame.new(5441.9516601562, 42.502059936523, 4950.09375);
		end;
	elseif World2 then
		if MyLevel >= 700 and MyLevel <= 724 then
			Mon = "Raider";
			LevelQuest = 1;
			NameQuest = "Area1Quest";
			NameMon = "Raider";
			CFrameQuest = CFrame.new(-429.543518, 71.7699966, 1836.18188, -0.22495985, 0, -0.974368095, 0, 1, 0, .974368095, 0, -0.22495985);
			CFrameMon = CFrame.new(-728.32672119141, 52.779319763184, 2345.7705078125);
		elseif MyLevel >= 725 and MyLevel <= 774 then
			Mon = "Mercenary";
			LevelQuest = 2;
			NameQuest = "Area1Quest";
			NameMon = "Mercenary";
			CFrameQuest = CFrame.new(-429.543518, 71.7699966, 1836.18188, -0.22495985, 0, -0.974368095, 0, 1, 0, .974368095, 0, -0.22495985);
			CFrameMon = CFrame.new(-1004.3244018555, 80.158866882324, 1424.6193847656);
		elseif MyLevel >= 775 and MyLevel <= 799 then
			Mon = "Swan Pirate";
			LevelQuest = 1;
			NameQuest = "Area2Quest";
			NameMon = "Swan Pirate";
			CFrameQuest = CFrame.new(638.43811, 71.769989, 918.282898, .139203906, 0, .99026376, 0, 1, 0, -0.99026376, 0, .139203906);
			CFrameMon = CFrame.new(1068.6643066406, 137.61428833008, 1322.1060791016);
		elseif MyLevel >= 800 and MyLevel <= 874 then
			Mon = "Factory Staff";
			NameQuest = "Area2Quest";
			LevelQuest = 2;
			NameMon = "Factory Staff";
			CFrameQuest = CFrame.new(632.698608, 73.1055908, 918.666321, -0.0319722369, 8.96074881e-010, -0.999488771, 1.36326533e-010, 1, 8.92172336e-010, .999488771, -1.07732087e-010, -0.0319722369);
			CFrameMon = CFrame.new(73.078674316406, 81.863441467285, -27.470672607422);
		elseif MyLevel >= 875 and MyLevel <= 899 then
			Mon = "Marine Lieutenant";
			LevelQuest = 1;
			NameQuest = "MarineQuest3";
			NameMon = "Marine Lieutenant";
			CFrameQuest = CFrame.new(-2440.79639, 71.7140732, -3216.06812, .866007268, 0, .500031412, 0, 1, 0, -0.500031412, 0, .866007268);
			CFrameMon = CFrame.new(-2821.3723144531, 75.897277832031, -3070.0891113281);
		elseif MyLevel >= 900 and MyLevel <= 949 then
			Mon = "Marine Captain";
			LevelQuest = 2;
			NameQuest = "MarineQuest3";
			NameMon = "Marine Captain";
			CFrameQuest = CFrame.new(-2440.79639, 71.7140732, -3216.06812, .866007268, 0, .500031412, 0, 1, 0, -0.500031412, 0, .866007268);
			CFrameMon = CFrame.new(-1861.2310791016, 80.176582336426, -3254.6975097656);
		elseif MyLevel >= 950 and MyLevel <= 974 then
			Mon = "Zombie";
			LevelQuest = 1;
			NameQuest = "ZombieQuest";
			NameMon = "Zombie";
			CFrameQuest = CFrame.new(-5497.06152, 47.5923004, -795.237061, -0.29242146, 0, -0.95628953, 0, 1, 0, .95628953, 0, -0.29242146);
			CFrameMon = CFrame.new(-5657.7768554688, 78.969734191895, -928.68701171875);
		elseif MyLevel >= 975 and MyLevel <= 999 then
			Mon = "Vampire";
			LevelQuest = 2;
			NameQuest = "ZombieQuest";
			NameMon = "Vampire";
			CFrameQuest = CFrame.new(-5497.06152, 47.5923004, -795.237061, -0.29242146, 0, -0.95628953, 0, 1, 0, .95628953, 0, -0.29242146);
			CFrameMon = CFrame.new(-6037.66796875, 32.184638977051, -1340.6597900391);
		elseif MyLevel >= 1000 and MyLevel <= 1049 then
			Mon = "Snow Trooper";
			LevelQuest = 1;
			NameQuest = "SnowMountainQuest";
			NameMon = "Snow Trooper";
			CFrameQuest = CFrame.new(609.858826, 400.119904, -5372.25928, -0.374604106, 0, .92718488, 0, 1, 0, -0.92718488, 0, -0.374604106);
			CFrameMon = CFrame.new(549.14733886719, 427.38705444336, -5563.6987304688);
		elseif MyLevel >= 1050 and MyLevel <= 1099 then
			Mon = "Winter Warrior";
			LevelQuest = 2;
			NameQuest = "SnowMountainQuest";
			NameMon = "Winter Warrior";
			CFrameQuest = CFrame.new(609.858826, 400.119904, -5372.25928, -0.374604106, 0, .92718488, 0, 1, 0, -0.92718488, 0, -0.374604106);
			CFrameMon = CFrame.new(1142.7451171875, 475.63980102539, -5199.4165039062);
		elseif MyLevel >= 1100 and MyLevel <= 1124 then
			Mon = "Lab Subordinate";
			LevelQuest = 1;
			NameQuest = "IceSideQuest";
			NameMon = "Lab Subordinate";
			CFrameQuest = CFrame.new(-6064.06885, 15.2422857, -4902.97852, .453972578, 0, -0.891015649, 0, 1, 0, .891015649, 0, .453972578);
			CFrameMon = CFrame.new(-5707.4716796875, 15.951709747314, -4513.3920898438);
		elseif MyLevel >= 1125 and MyLevel <= 1174 then
			Mon = "Horned Warrior";
			LevelQuest = 2;
			NameQuest = "IceSideQuest";
			NameMon = "Horned Warrior";
			CFrameQuest = CFrame.new(-6064.06885, 15.2422857, -4902.97852, .453972578, 0, -0.891015649, 0, 1, 0, .891015649, 0, .453972578);
			CFrameMon = CFrame.new(-6341.3666992188, 15.951770782471, -5723.162109375);
		elseif MyLevel >= 1175 and MyLevel <= 1199 then
			Mon = "Magma Ninja";
			LevelQuest = 1;
			NameQuest = "FireSideQuest";
			NameMon = "Magma Ninja";
			CFrameQuest = CFrame.new(-5428.03174, 15.0622921, -5299.43457, -0.882952213, 0, .469463557, 0, 1, 0, -0.469463557, 0, -0.882952213);
			CFrameMon = CFrame.new(-5449.6728515625, 76.658744812012, -5808.2006835938);
		elseif MyLevel >= 1200 and MyLevel <= 1249 then
			Mon = "Lava Pirate";
			LevelQuest = 2;
			NameQuest = "FireSideQuest";
			NameMon = "Lava Pirate";
			CFrameQuest = CFrame.new(-5428.03174, 15.0622921, -5299.43457, -0.882952213, 0, .469463557, 0, 1, 0, -0.469463557, 0, -0.882952213);
			CFrameMon = CFrame.new(-5213.3315429688, 49.737880706787, -4701.451171875);
		elseif MyLevel >= 1250 and MyLevel <= 1274 then
			Mon = "Ship Deckhand";
			LevelQuest = 1;
			NameQuest = "ShipQuest1";
			NameMon = "Ship Deckhand";
			CFrameQuest = CFrame.new(1037.80127, 125.092171, 32911.6016);
			CFrameMon = CFrame.new(1212.0111083984, 150.79205322266, 33059.24609375);
			if (getgenv()).AutoFarm and (CFrameQuest.Position - game.Players.LocalPlayer.Character.HumanoidRootPart.Position).Magnitude > 10000 then
				(game:GetService("ReplicatedStorage")).Remotes.CommF_:InvokeServer("requestEntrance", Vector3.new(923.21252441406, 126.9760055542, 32852.83203125));
			end;
		elseif MyLevel >= 1275 and MyLevel <= 1299 then
			Mon = "Ship Engineer";
			LevelQuest = 2;
			NameQuest = "ShipQuest1";
			NameMon = "Ship Engineer";
			CFrameQuest = CFrame.new(1037.80127, 125.092171, 32911.6016);
			CFrameMon = CFrame.new(919.47863769531, 43.544013977051, 32779.96875);
			if (getgenv()).AutoFarm and (CFrameQuest.Position - game.Players.LocalPlayer.Character.HumanoidRootPart.Position).Magnitude > 10000 then
				(game:GetService("ReplicatedStorage")).Remotes.CommF_:InvokeServer("requestEntrance", Vector3.new(923.21252441406, 126.9760055542, 32852.83203125));
			end;
		elseif MyLevel >= 1300 and MyLevel <= 1324 then
			Mon = "Ship Steward";
			LevelQuest = 1;
			NameQuest = "ShipQuest2";
			NameMon = "Ship Steward";
			CFrameQuest = CFrame.new(968.80957, 125.092171, 33244.125);
			CFrameMon = CFrame.new(919.43853759766, 129.55599975586, 33436.03515625);
			if (getgenv()).AutoFarm and (CFrameQuest.Position - game.Players.LocalPlayer.Character.HumanoidRootPart.Position).Magnitude > 10000 then
				(game:GetService("ReplicatedStorage")).Remotes.CommF_:InvokeServer("requestEntrance", Vector3.new(923.21252441406, 126.9760055542, 32852.83203125));
			end;
		elseif MyLevel >= 1325 and MyLevel <= 1349 then
			Mon = "Ship Officer";
			LevelQuest = 2;
			NameQuest = "ShipQuest2";
			NameMon = "Ship Officer";
			CFrameQuest = CFrame.new(968.80957, 125.092171, 33244.125);
			CFrameMon = CFrame.new(1036.0179443359, 181.4390411377, 33315.7265625);
			if (getgenv()).AutoFarm and (CFrameQuest.Position - game.Players.LocalPlayer.Character.HumanoidRootPart.Position).Magnitude > 10000 then
				(game:GetService("ReplicatedStorage")).Remotes.CommF_:InvokeServer("requestEntrance", Vector3.new(923.21252441406, 126.9760055542, 32852.83203125));
			end;
		elseif MyLevel >= 1350 and MyLevel <= 1374 then
			Mon = "Arctic Warrior";
			LevelQuest = 1;
			NameQuest = "FrostQuest";
			NameMon = "Arctic Warrior";
			CFrameQuest = CFrame.new(5667.6582, 26.7997818, -6486.08984, -0.933587909, 0, -0.358349502, 0, 1, 0, .358349502, 0, -0.933587909);
			CFrameMon = CFrame.new(5966.24609375, 62.970020294189, -6179.3828125);
			if (getgenv()).AutoFarm and (CFrameQuest.Position - game.Players.LocalPlayer.Character.HumanoidRootPart.Position).Magnitude > 10000 then
				(game:GetService("ReplicatedStorage")).Remotes.CommF_:InvokeServer("requestEntrance", Vector3.new(-6508.5581054688, 5000.0349960327, -132.83953857422));
			end;
		elseif MyLevel >= 1375 and MyLevel <= 1424 then
			Mon = "Snow Lurker";
			LevelQuest = 2;
			NameQuest = "FrostQuest";
			NameMon = "Snow Lurker";
			CFrameQuest = CFrame.new(5667.6582, 26.7997818, -6486.08984, -0.933587909, 0, -0.358349502, 0, 1, 0, .358349502, 0, -0.933587909);
			CFrameMon = CFrame.new(5407.0737304688, 69.194374084473, -6880.8803710938);
		elseif MyLevel >= 1425 and MyLevel <= 1449 then
			Mon = "Sea Soldier";
			LevelQuest = 1;
			NameQuest = "ForgottenQuest";
			NameMon = "Sea Soldier";
			CFrameQuest = CFrame.new(-3054.44458, 235.544281, -10142.8193, .990270376, 0, -0.13915664, 0, 1, 0, .13915664, 0, .990270376);
			CFrameMon = CFrame.new(-3028.2236328125, 64.674514770508, -9775.4267578125);
		elseif MyLevel >= 1450 then
			Mon = "Water Fighter";
			LevelQuest = 2;
			NameQuest = "ForgottenQuest";
			NameMon = "Water Fighter";
			CFrameQuest = CFrame.new(-3054, 240, -10146);
			CFrameMon = CFrame.new(-3291, 252, -10501);
		end;
	elseif World3 then
		if MyLevel >= 1500 and MyLevel <= 1524 then
			Mon = "Pirate Millionaire";
			LevelQuest = 1;
			NameQuest = "PiratePortQuest";
			NameMon = "Pirate Millionaire";
			CFrameQuest = CFrame.new(-290.074677, 42.9034653, 5581.58984, .965929627, 0, -0.258804798, 0, 1, 0, .258804798, 0, .965929627);
			CFrameMon = CFrame.new(-245.99638366699, 47.30615234375, 5584.1005859375);
		elseif MyLevel >= 1525 and MyLevel <= 1574 then
			Mon = "Pistol Billionaire";
			LevelQuest = 2;
			NameQuest = "PiratePortQuest";
			NameMon = "Pistol Billionaire";
			CFrameQuest = CFrame.new(-290.074677, 42.9034653, 5581.58984, .965929627, 0, -0.258804798, 0, 1, 0, .258804798, 0, .965929627);
			CFrameMon = CFrame.new(-187.33015441895, 86.239875793457, 6013.513671875);
		elseif MyLevel >= 1575 and MyLevel <= 1599 then
			Mon = "Dragon Crew Warrior";
			LevelQuest = 1;
			NameQuest = "DragonCrewQuest";
			NameMon = "Dragon Crew Warrior";
			CFrameQuest = CFrame.new(6738.9614257812, 127.81645965576, -713.51147460938);
			CFrameMon = CFrame.new(6920.7143554688, 56.1559715271, -942.50445556641);
		elseif MyLevel >= 1600 and MyLevel <= 1624 then
			Mon = "Dragon Crew Archer";
			NameQuest = "DragonCrewQuest";
			LevelQuest = 2;
			NameMon = "Dragon Crew Archer";
			CFrameQuest = CFrame.new(6738.9614257812, 127.81645965576, -713.51147460938);
			CFrameMon = CFrame.new(6817.9125976562, 484.80444335938, 513.41412353516);
		elseif MyLevel >= 1625 and MyLevel <= 1649 then
			Mon = "Hydra Enforcer";
			NameQuest = "VenomCrewQuest";
			LevelQuest = 1;
			NameMon = "Hydra Enforcer";
			CFrameQuest = CFrame.new(5213.8740234375, 1004.5042724609, 758.69445800781);
			CFrameMon = CFrame.new(4584.6928710938, 1002.6435546875, 705.7958984375);
		elseif MyLevel >= 1650 and MyLevel <= 1699 then
			Mon = "Venomous Assailant";
			NameQuest = "VenomCrewQuest";
			LevelQuest = 2;
			NameMon = "Venomous Assailant";
			CFrameQuest = CFrame.new(5213.8740234375, 1004.5042724609, 758.69445800781);
			CFrameMon = CFrame.new(4638.7856445312, 1078.9409179688, 881.80023193359);
		elseif MyLevel >= 1700 and MyLevel <= 1724 then
			Mon = "Marine Commodore";
			LevelQuest = 1;
			NameQuest = "MarineTreeIsland";
			NameMon = "Marine Commodore";
			CFrameQuest = CFrame.new(2180.54126, 27.8156815, -6741.5498, -0.965929747, 0, .258804798, 0, 1, 0, -0.258804798, 0, -0.965929747);
			CFrameMon = CFrame.new(2286.0078125, 73.133918762207, -7159.8090820312);
		elseif MyLevel >= 1725 and MyLevel <= 1774 then
			Mon = "Marine Rear Admiral";
			NameMon = "Marine Rear Admiral";
			NameQuest = "MarineTreeIsland";
			LevelQuest = 2;
			CFrameQuest = CFrame.new(2179.98828125, 28.731239318848, -6740.0551757813);
			CFrameMon = CFrame.new(3656.7736816406, 160.52406311035, -7001.5986328125);
		elseif MyLevel >= 1775 and MyLevel <= 1799 then
			Mon = "Fishman Raider";
			LevelQuest = 1;
			NameQuest = "DeepForestIsland3";
			NameMon = "Fishman Raider";
			CFrameQuest = CFrame.new(-10581.6563, 330.872955, -8761.18652, -0.882952213, 0, .469463557, 0, 1, 0, -0.469463557, 0, -0.882952213);
			CFrameMon = CFrame.new(-10407.526367188, 331.76263427734, -8368.5166015625);
		elseif MyLevel >= 1800 and MyLevel <= 1824 then
			Mon = "Fishman Captain";
			LevelQuest = 2;
			NameQuest = "DeepForestIsland3";
			NameMon = "Fishman Captain";
			CFrameQuest = CFrame.new(-10581.6563, 330.872955, -8761.18652, -0.882952213, 0, .469463557, 0, 1, 0, -0.469463557, 0, -0.882952213);
			CFrameMon = CFrame.new(-10994.701171875, 352.38140869141, -9002.1103515625);
		elseif MyLevel >= 1825 and MyLevel <= 1849 then
			Mon = "Forest Pirate";
			LevelQuest = 1;
			NameQuest = "DeepForestIsland";
			NameMon = "Forest Pirate";
			CFrameQuest = CFrame.new(-13234.04, 331.488495, -7625.40137, .707134247, 0, -0.707079291, 0, 1, 0, .707079291, 0, .707134247);
			CFrameMon = CFrame.new(-13274.478515625, 332.37814331055, -7769.5805664062);
		elseif MyLevel >= 1850 and MyLevel <= 1899 then
			Mon = "Mythological Pirate";
			LevelQuest = 2;
			NameQuest = "DeepForestIsland";
			NameMon = "Mythological Pirate";
			CFrameQuest = CFrame.new(-13234.04, 331.488495, -7625.40137, .707134247, 0, -0.707079291, 0, 1, 0, .707079291, 0, .707134247);
			CFrameMon = CFrame.new(-13680.607421875, 501.08154296875, -6991.189453125);
		elseif MyLevel >= 1900 and MyLevel <= 1924 then
			Mon = "Jungle Pirate";
			LevelQuest = 1;
			NameQuest = "DeepForestIsland2";
			NameMon = "Jungle Pirate";
			CFrameQuest = CFrame.new(-12680.3818, 389.971039, -9902.01953, -0.0871315002, 0, .996196866, 0, 1, 0, -0.996196866, 0, -0.0871315002);
			CFrameMon = CFrame.new(-12256.16015625, 331.73828125, -10485.836914062);
		elseif MyLevel >= 1925 and MyLevel <= 1974 then
			Mon = "Musketeer Pirate";
			LevelQuest = 2;
			NameQuest = "DeepForestIsland2";
			NameMon = "Musketeer Pirate";
			CFrameQuest = CFrame.new(-12680.3818, 389.971039, -9902.01953, -0.0871315002, 0, .996196866, 0, 1, 0, -0.996196866, 0, -0.0871315002);
			CFrameMon = CFrame.new(-13457.904296875, 391.54565429688, -9859.177734375);
		elseif MyLevel >= 1975 and MyLevel <= 1999 then
			Mon = "Reborn Skeleton";
			LevelQuest = 1;
			NameQuest = "HauntedQuest1";
			NameMon = "Reborn Skeleton";
			CFrameQuest = CFrame.new(-9479.2168, 141.215088, 5566.09277, 0, 0, 1, 0, 1, 0, -1, 0, 0);
			CFrameMon = CFrame.new(-8763.7236328125, 165.72299194336, 6159.8618164062);
		elseif MyLevel >= 2000 and MyLevel <= 2024 then
			Mon = "Living Zombie";
			LevelQuest = 2;
			NameQuest = "HauntedQuest1";
			NameMon = "Living Zombie";
			CFrameQuest = CFrame.new(-9479.2168, 141.215088, 5566.09277, 0, 0, 1, 0, 1, 0, -1, 0, 0);
			CFrameMon = CFrame.new(-10144.131835938, 138.6266784668, 5838.0888671875);
		elseif MyLevel >= 2025 and MyLevel <= 2049 then
			Mon = "Demonic Soul";
			LevelQuest = 1;
			NameQuest = "HauntedQuest2";
			NameMon = "Demonic Soul";
			CFrameQuest = CFrame.new(-9516.99316, 172.017181, 6078.46533, 0, 0, -1, 0, 1, 0, 1, 0, 0);
